50
pos0.png 0 0 74 36 37 18 0
pos1.png 0 0 74 35 37 18 0
pos2.png 0 0 74 40 37 20 0
pos3.png 0 0 74 40 37 20 0
pos4.png 0 0 74 41 37 21 0
pos5.png 0 0 74 42 37 21 0
pos6.png 0 0 74 37 37 19 0
pos7.png 0 0 74 36 37 18 0
pos8.png 0 0 74 40 37 20 0
pos9.png 0 0 74 36 37 18 0
pos10.png 0 0 74 49 37 25 0
pos11.png 0 0 74 42 37 21 0
pos12.png 0 0 74 40 37 20 0
pos13.png 0 0 74 36 37 18 0
pos14.png 0 0 74 39 37 20 0
pos15.png 0 0 74 40 37 20 0
pos16.png 0 0 74 49 37 25 0
pos17.png 0 0 74 52 37 26 0
pos18.png 0 0 74 31 37 16 0
pos19.png 0 0 74 35 37 18 0
pos20.png 0 0 74 38 37 19 0
pos21.png 0 0 74 59 37 30 0
pos22.png 0 0 74 36 37 18 0
pos23.png 0 0 74 35 37 18 0
pos24.png 0 0 74 45 37 23 0
pos25.png 0 0 74 35 37 18 0
pos26.png 0 0 74 41 37 21 0
pos27.png 0 0 74 40 37 20 0
pos28.png 0 0 74 40 37 20 0
pos29.png 0 0 74 35 37 18 0
pos30.png 0 0 74 35 37 18 0
pos31.png 0 0 74 33 37 17 0
pos32.png 0 0 74 37 37 19 0
pos33.png 0 0 74 31 37 16 0
pos34.png 0 0 74 36 37 18 0
pos35.png 0 0 74 36 37 18 0
pos36.png 0 0 74 33 37 17 0
pos37.png 0 0 74 36 37 18 0
pos38.png 0 0 74 34 37 17 0
pos39.png 0 0 74 36 37 18 0
pos40.png 0 0 74 37 37 19 0
pos41.png 0 0 74 34 37 17 0
pos42.png 0 0 74 35 37 18 0
pos43.png 0 0 74 36 37 18 0
pos44.png 0 0 74 36 37 18 0
pos45.png 0 0 74 34 37 17 0
pos46.png 0 0 74 41 37 21 0
pos47.png 0 0 74 37 37 19 0
pos48.png 0 0 74 42 37 21 0
pos49.png 0 0 74 40 37 20 0